umax=[0.0484, 0.0484, 0.0398, 0.0020];
umin=-umax;
xmax = [1; 1; 1; 800; 1; 1; 1]; 
xmin = -xmax;
ymax =  [   1;          1;         1;           527;        1;      1;      1   ];
ymin = -[   1;          1;         1;           527;        1;      1;      1   ];